Backgroundrpf_2x0_par0: -5.777431810009576 +/- 0.07476711830481006
Backgroundrpf_2x0_par1: 72.25299700900088 +/- 0.0
Backgroundrpf_2x0_par2: -240.35025469854122 +/- 1.1018243901555917
Backgroundrpf_2x0_par3: -0.002295774445918497 +/- 0.00015969271925163518
