LDMX_NoHcal_Background_rpf_2x0_par0: 85.88435042248672 +/- 99.90995458754479
LDMX_NoHcal_Background_rpf_2x0_par3: 0.00013775138164798384 +/- 0.00018471695144375784
