LDMX_NoHcal_Background_rpf_2x0_par0: 2.3854407869958096e-06 +/- 0.0
LDMX_NoHcal_Background_rpf_2x0_par1: 50.18169975922106 +/- 0.0
LDMX_NoHcal_Background_rpf_2x0_par3: 0.016699652877497004 +/- 0.0
