LDMX_NoHcal_Background_rpf_2x0_par0: 0.07265013981311536 +/- 0.0
LDMX_NoHcal_Background_rpf_2x0_par1: 95.52443390315538 +/- 135.37898303161342
LDMX_NoHcal_Background_rpf_2x0_par3: 0.014003930119043497 +/- 0.022819120630668557
