LDMX_NoHcal_Background_rpf_2x0_par0: 6.49332259548786e-07 +/- 0.0
LDMX_NoHcal_Background_rpf_2x0_par1: 50.00000000273454 +/- 13.689767824001496
LDMX_NoHcal_Background_rpf_2x0_par3: 0.01677281929603382 +/- 0.0
