Backgroundrpf_2x0_par0: 0.13058788521117026 +/- 0.0008872788921869364
Backgroundrpf_2x0_par1: -4.081768778782566 +/- 0.0
Backgroundrpf_2x0_par2: 34.073981264878526 +/- 0.13937886399166732
Backgroundrpf_2x0_par3: 0.1023189010680069 +/- 0.007009077371893925
