Backgroundrpf_2x0_par0: -3.762126418249403 +/- 0.2643826941108809
Backgroundrpf_2x0_par1: 120.1469026730336 +/- 7.599869719501889
Backgroundrpf_2x0_par2: -998.987315647565 +/- 60.154690579935675
Backgroundrpf_2x0_par3: -0.0033997049638479493 +/- 0.00040389182566222503
