LDMX_NoHcal_Background_rpf_2x0_par0: 6.453945803350583e-10 +/- 0.0
LDMX_NoHcal_Background_rpf_2x0_par1: 50.00049798271196 +/- 0.0
LDMX_NoHcal_Background_rpf_2x0_par2: -3.006171700459248e-12 +/- 1084.5098934427492
LDMX_NoHcal_Background_rpf_2x0_par3: 0.006647485041311174 +/- 0.0
