LDMX_NoHcal_Background_rpf_2x0_par0: 6.442172343539346e-10 +/- 0.0
LDMX_NoHcal_Background_rpf_2x0_par1: 50.00009561773343 +/- 0.0
LDMX_NoHcal_Background_rpf_2x0_par2: -3.469446951953614e-18 +/- 1294.4826709190165
LDMX_NoHcal_Background_rpf_2x0_par3: 0.006647395251587815 +/- 0.007523447426866531
