Backgroundrpf_2x0_par0: 0.30080105694633735 +/- 0.004850283049702435
Backgroundrpf_2x0_par1: -9.402059469309624 +/- 0.0
Backgroundrpf_2x0_par2: 78.48722389840398 +/- 0.35490101122118195
Backgroundrpf_2x0_par3: 0.04441781784262766 +/- 0.007022451452821656
