Backgroundrpf_2x0_par0: -0.06988342121404262 +/- 0.0
Backgroundrpf_2x0_par1: 12.315261102548588 +/- 0.0
Backgroundrpf_2x0_par2: -224.9369129180741 +/- 0.5144561382084659
Backgroundrpf_2x0_par3: 0.08081262917826026 +/- 0.0054281808735377095
