Backgroundrpf_2x0_par0: 0.13022352665256026 +/- 0.0008846438711771206
Backgroundrpf_2x0_par1: -4.070313741599403 +/- 0.0
Backgroundrpf_2x0_par2: 33.978874814625385 +/- 0.13903123308043744
Backgroundrpf_2x0_par3: 0.10258306574859172 +/- 0.007024804706483511
