Backgroundrpf_2x0_par0: -3.430333554726225 +/- 0.04591333917029424
Backgroundrpf_2x0_par1: 43.38287307864233 +/- 0.0
Backgroundrpf_2x0_par2: -144.0128523771881 +/- 0.6659497167336891
Backgroundrpf_2x0_par3: -0.0037778410897525427 +/- 0.00026709610172639194
