Backgroundrpf_1x0_par0: 0.0010272205048359436 +/- 5.951822119765123e-05
Backgroundrpf_1x0_par1: 0.010236213514835514 +/- 0.0012279073690066077
