Backgroundrpf_1x0_par0: 0.000943876137959781 +/- 6.631637900118247e-05
Backgroundrpf_1x0_par1: 0.008660528152331764 +/- 0.0014309572258022103
