LDMX_NoHcal_Background_rpf_2x0_par0: 4.551397150061743e-08 +/- 0.0
LDMX_NoHcal_Background_rpf_2x0_par1: 50.00000329223144 +/- 0.0
LDMX_NoHcal_Background_rpf_2x0_par3: 0.006647777094906175 +/- 0.0
