LDMX_NoHcal_Background_rpf_2x0_par0: 6.447917124275532e-10 +/- 0.0
LDMX_NoHcal_Background_rpf_2x0_par1: 50.00006035681594 +/- 0.0
LDMX_NoHcal_Background_rpf_2x0_par2: -8.906243798012525e-13 +/- 1168.9335905251228
LDMX_NoHcal_Background_rpf_2x0_par3: 0.00664747012017513 +/- 0.0
