Backgroundrpf_2x0_par0: -0.07343655188376091 +/- 0.0
Backgroundrpf_2x0_par1: 11.448700485311011 +/- 0.08756579698905835
Backgroundrpf_2x0_par2: -198.91108723372662 +/- 0.0
Backgroundrpf_2x0_par3: 0.049967743283819976 +/- 0.007043614024979601
