LDMX_NoHcal_Background_rpf_1x0_par0: 1.551678860677334e-08 +/- 0.0
LDMX_NoHcal_Background_rpf_1x0_par1: 0.33237343014767834 +/- 0.020790593575352987
