LDMX_NoHcal_Background_rpf_2x0_par0: 7.020099028373335e-07 +/- 0.0
LDMX_NoHcal_Background_rpf_2x0_par1: 75.7770147803344 +/- 0.0
LDMX_NoHcal_Background_rpf_2x0_par3: 0.011060022994426646 +/- 0.0
