LDMX_NoHcal_Background_rpf_2x0_par0: 0.03678501908663499 +/- 0.0
LDMX_NoHcal_Background_rpf_2x0_par1: 50.04008854311616 +/- 0.0
LDMX_NoHcal_Background_rpf_2x0_par3: 0.014576428054335835 +/- 0.0
