LDMX_NoHcal_Background_rpf_2x0_par0: 0.043957807599297974 +/- 0.0
LDMX_NoHcal_Background_rpf_2x0_par1: 50.05871611101664 +/- 0.0
LDMX_NoHcal_Background_rpf_2x0_par3: 0.01965901229769539 +/- 0.013864179068677424
