LDMX_NoHcal_Background_rpf_2x0_par0: -0.059992359505471715 +/- 0.0
LDMX_NoHcal_Background_rpf_2x0_par1: 4.16285141566084 +/- 0.0
LDMX_NoHcal_Background_rpf_2x0_par2: 305.3587329583111 +/- 0.0
LDMX_NoHcal_Background_rpf_2x0_par3: 0.03986170846011511 +/- 0.0
