LDMX_NoHcal_Background_rpf_2x0_par0: -0.0622513824391383 +/- 0.0
LDMX_NoHcal_Background_rpf_2x0_par1: 4.229902195950105 +/- 0.0
LDMX_NoHcal_Background_rpf_2x0_par2: 310.0238608094013 +/- 0.0
LDMX_NoHcal_Background_rpf_2x0_par3: 0.03950771752901422 +/- 0.002471239269333972
