LDMX_NoHcal_Background_rpf_2x0_par0: 1.047303354608474e-09 +/- 0.0
LDMX_NoHcal_Background_rpf_2x0_par1: 50.00102900438466 +/- 0.0
LDMX_NoHcal_Background_rpf_2x0_par2: -1.0335478347819893e-07 +/- 606.9718781629858
LDMX_NoHcal_Background_rpf_2x0_par3: 0.006647836293264992 +/- 0.0018652406035684253
