Backgroundrpf_2x0_par0: 0.11629815645107955 +/- 0.000789811666832285
Backgroundrpf_2x0_par1: -1.4494077069852007 +/- 0.0
Backgroundrpf_2x0_par2: 4.8244007857831495 +/- 0.01973516259595003
Backgroundrpf_2x0_par3: 0.11487994934025236 +/- 0.007865103228266595
