Backgroundrpf_2x0_par0: -5.224159054454243 +/- 0.05652990658847282
Backgroundrpf_2x0_par1: 64.27504237523411 +/- 0.0
Backgroundrpf_2x0_par2: -210.95032430582012 +/- 1.8590191658440574
Backgroundrpf_2x0_par3: -0.0021009589453273025 +/- 0.0002584611153321899
