LDMX_NoHcal_Background_rpf_2x0_par0: 6.424280161662632e-10 +/- 0.0
LDMX_NoHcal_Background_rpf_2x0_par1: 50.00003961385574 +/- 0.0
LDMX_NoHcal_Background_rpf_2x0_par2: -1.0408340855860843e-17 +/- 1341.4434742442013
LDMX_NoHcal_Background_rpf_2x0_par3: 0.006647453500456002 +/- 0.0
