Backgroundrpf_2x0_par0: 0.31828250425657933 +/- 0.003341405341248421
Backgroundrpf_2x0_par1: -9.861386553446334 +/- 0.0
Backgroundrpf_2x0_par2: 81.65655101363188 +/- 0.6476312638711244
Backgroundrpf_2x0_par3: 0.036812288146678585 +/- 0.004631684633845299
