Backgroundrpf_2x0_par0: -1.0565621762355133 +/- 0.01189568812070368
Backgroundrpf_2x0_par1: 12.986945124992891 +/- 0.0
Backgroundrpf_2x0_par2: -42.62753802471905 +/- 0.379731178884976
Backgroundrpf_2x0_par3: -0.010306430130453403 +/- 0.0013130499949402647
