Backgroundrpf_2x0_par0: -0.17926726046143493 +/- 1.2996180642825292
Backgroundrpf_2x0_par1: -1.043854245863058 +/- 0.0
Backgroundrpf_2x0_par2: 3.303217547995082 +/- 0.9329660133236908
Backgroundrpf_2x0_par3: -0.005604345228040486 +/- 0.028662090101751615
