Backgroundrpf_2x0_par0: 0.116098174214117 +/- 0.0007884361529459397
Backgroundrpf_2x0_par1: -1.4469298432989546 +/- 0.0
Backgroundrpf_2x0_par2: 4.816163781488042 +/- 0.01970233223246829
Backgroundrpf_2x0_par3: 0.11508562534011196 +/- 0.007879984166399078
