Backgroundrpf_2x0_par0: -0.17958117295851195 +/- 0.005818679008448668
Backgroundrpf_2x0_par1: -1.0464299740523466 +/- 0.0
Backgroundrpf_2x0_par2: 3.3004003514113442 +/- 0.4022274933464978
Backgroundrpf_2x0_par3: -0.005591220649813211 +/- 0.0
