Backgroundrpf_2x0_par0: -0.08572301566258034 +/- 0.174688073388869
Backgroundrpf_2x0_par1: -1.4051973139158769 +/- 0.0
Backgroundrpf_2x0_par2: -10.848310368200577 +/- 0.0
Backgroundrpf_2x0_par3: 0.1720877434189937 +/- 0.0
