Backgroundrpf_2x0_par0: -0.08573115313010937 +/- 0.17463476279276266
Backgroundrpf_2x0_par1: -1.4052271330409056 +/- 0.0
Backgroundrpf_2x0_par2: -10.847546707322726 +/- 0.0
Backgroundrpf_2x0_par3: 0.17209272410723697 +/- 0.0
